   0.0000000000000000     
  0.99251685175704751     
   1.9911272786453371     
   2.9883693806324887     
   3.9855671552684053     
   4.9828641675469347     
   5.9807809430059544     
   0.0000000000000000     
  0.99251685175704751     
   1.9911272786453371     
   2.9883693806324887     
   3.9855671552684053     
   4.9828641675469347     
   5.9807809430059544     
   0.0000000000000000     
  0.99251685175704751     
   1.9911272786453371     
   2.9883693806324887     
   3.9855671552684053     
   4.9828641675469347     
   5.9807809430059544     
   0.0000000000000000     
  0.99251685175704751     
   1.9911272786453371     
   2.9883693806324887     
   3.9855671552684053     
   4.9828641675469347     
   5.9807809430059544     
   0.0000000000000000     
  0.99251685175704751     
   1.9911272786453371     
   2.9883693806324887     
   3.9855671552684053     
   4.9828641675469347     
   5.9807809430059544     
   0.0000000000000000     
  0.99251685175704751     
   1.9911272786453371     
   2.9883693806324887     
   3.9855671552684053     
   4.9828641675469347     
   5.9807809430059544     
   0.0000000000000000     
  0.99251685175704751     
   1.9911272786453371     
   2.9883693806324887     
   3.9855671552684053     
   4.9828641675469347     
   5.9807809430059544     
   0.0000000000000000     
  0.99251685175704751     
   1.9911272786453371     
   2.9883693806324887     
   3.9855671552684053     
   4.9828641675469347     
   5.9807809430059544     
   0.0000000000000000     
  0.99251685175704751     
   1.9911272786453371     
   2.9883693806324887     
   3.9855671552684053     
   4.9828641675469347     
   5.9807809430059544     
   6.9792420167689269     
   7.9782548482946236     
   8.9783852727509252     
   9.9770393555912875     
   10.978746270228630     
   11.978373770560918     
   12.982030161447195     
   13.983829273590194     
   0.0000000000000000     
  0.49154282232288055     
  0.99251685175704751     
   1.4921407505730413     
   1.9911272786453371     
   2.4898053342043389     
   2.9883693806324887     
   3.4869152860235797     
   3.9855671552684053     
   4.4842964462890285     
   4.9828641675469347     
   5.4820499326636520     
   5.9807809430059544     
   6.4802097171606245     
   6.9792420167689269     
   7.4790950386257107     
   7.9782548482946236     
   8.4781171548459184     
   8.9783852727509252     
   9.4778440041234369     
   9.9770393555912875     
   10.477283627962150     
   10.978746270228630     
   11.480167699596002     
   11.978373770560918     
   12.481909501664747     
   12.982030161447195     
   13.480592483490062     
   13.983829273590194     
   14.486103828073340     
   0.0000000000000000     
  0.49154282232288055     
  0.99251685175704751     
   1.4921407505730413     
   1.9911272786453371     
   2.4898053342043389     
   2.9883693806324887     
   3.4869152860235797     
   3.9855671552684053     
   4.4842964462890285     
   4.9828641675469347     
   5.4820499326636520     
   5.9807809430059544     
   6.4802097171606245     
   6.9792420167689269     
   7.4790950386257107     
   7.9782548482946236     
   8.4781171548459184     
   8.9783852727509252     
   9.4778440041234369     
   9.9770393555912875     
   10.477283627962150     
   10.978746270228630     
   11.480167699596002     
   11.978373770560918     
   12.481909501664747     
   12.982030161447195     
   13.480592483490062     
   13.983829273590194     
   14.486103828073340     
   0.0000000000000000     
  0.49154282232288055     
  0.99251685175704751     
   1.4921407505730413     
   1.9911272786453371     
   2.4898053342043389     
   2.9883693806324887     
   3.4869152860235797     
   3.9855671552684053     
   4.4842964462890285     
   4.9828641675469347     
   5.4820499326636520     
   5.9807809430059544     
   6.4802097171606245     
   6.9792420167689269     
   7.4790950386257107     
   7.9782548482946236     
   8.4781171548459184     
   8.9783852727509252     
   9.4778440041234369     
   9.9770393555912875     
